01011990
02011990
03011990
04011990
05011990
06011990
07011990
08011990
09011990
10011990
11011990
12011990
13011990
14011990
15011990
16011990
17011990
18011990
19011990
20011990
21011990
22011990
23011990
24011990
25011990
26011990
27011990
28011990
29011990
30011990
01021990
02021990
03021990
04021990
05021990
06021990
07021990
08021990
09021990
10021990
11021990
12021990
13021990
14021990
15021990
16021990
17021990
18021990
19021990
20021990
21021990
22021990
23021990
24021990
25021990
26021990
27021990
28021990
29021990
30021990
01031990
02031990
03031990
04031990
05031990
06031990
07031990
08031990
09031990
10031990
11031990
12031990
13031990
14031990
15031990
16031990
17031990
18031990
19031990
20031990
21031990
22031990
23031990
24031990
25031990
26031990
27031990
28031990
29031990
30031990
01041990
02041990
03041990
04041990
05041990
06041990
07041990
08041990
09041990
10041990
11041990
12041990
13041990
14041990
15041990
16041990
17041990
18041990
19041990
20041990
21041990
22041990
23041990
24041990
25041990
26041990
27041990
28041990
29041990
30041990
01051990
02051990
03051990
04051990
05051990
06051990
07051990
08051990
09051990
10051990
11051990
12051990
13051990
14051990
15051990
16051990
17051990
18051990
19051990
20051990
21051990
22051990
23051990
24051990
25051990
26051990
27051990
28051990
29051990
30051990
01061990
02061990
03061990
04061990
05061990
06061990
07061990
08061990
09061990
10061990
11061990
12061990
13061990
14061990
15061990
16061990
17061990
18061990
19061990
20061990
21061990
22061990
23061990
24061990
25061990
26061990
27061990
28061990
29061990
30061990
01071990
02071990
03071990
04071990
05071990
06071990
07071990
08071990
09071990
10071990
11071990
12071990
13071990
14071990
15071990
16071990
17071990
18071990
19071990
20071990
21071990
22071990
23071990
24071990
25071990
26071990
27071990
28071990
29071990
30071990
01081990
02081990
03081990
04081990
05081990
06081990
07081990
08081990
09081990
10081990
11081990
12081990
13081990
14081990
15081990
16081990
17081990
18081990
19081990
20081990
21081990
22081990
23081990
24081990
25081990
26081990
27081990
28081990
29081990
30081990
01091990
02091990
03091990
04091990
05091990
06091990
07091990
08091990
09091990
10091990
11091990
12091990
13091990
14091990
15091990
16091990
17091990
18091990
19091990
20091990
21091990
22091990
23091990
24091990
25091990
26091990
27091990
28091990
29091990
30091990
01101990
02101990
03101990
04101990
05101990
06101990
07101990
08101990
09101990
10101990
11101990
12101990
13101990
14101990
15101990
16101990
17101990
18101990
19101990
20101990
21101990
22101990
23101990
24101990
25101990
26101990
27101990
28101990
29101990
30101990
01111990
02111990
03111990
04111990
05111990
06111990
07111990
08111990
09111990
10111990
11111990
12111990
13111990
14111990
15111990
16111990
17111990
18111990
19111990
20111990
21111990
22111990
23111990
24111990
25111990
26111990
27111990
28111990
29111990
30111990
01011991
02011991
03011991
04011991
05011991
06011991
07011991
08011991
09011991
10011991
11011991
12011991
13011991
14011991
15011991
16011991
17011991
18011991
19011991
20011991
21011991
22011991
23011991
24011991
25011991
26011991
27011991
28011991
29011991
30011991
01021991
02021991
03021991
04021991
05021991
06021991
07021991
08021991
09021991
10021991
11021991
12021991
13021991
14021991
15021991
16021991
17021991
18021991
19021991
20021991
21021991
22021991
23021991
24021991
25021991
26021991
27021991
28021991
29021991
30021991
01031991
02031991
03031991
04031991
05031991
06031991
07031991
08031991
09031991
10031991
11031991
12031991
13031991
14031991
15031991
16031991
17031991
18031991
19031991
20031991
21031991
22031991
23031991
24031991
25031991
26031991
27031991
28031991
29031991
30031991
01041991
02041991
03041991
04041991
05041991
06041991
07041991
08041991
09041991
10041991
11041991
12041991
13041991
14041991
15041991
16041991
17041991
18041991
19041991
20041991
21041991
22041991
23041991
24041991
25041991
26041991
27041991
28041991
29041991
30041991
01051991
02051991
03051991
04051991
05051991
06051991
07051991
08051991
09051991
10051991
11051991
12051991
13051991
14051991
15051991
16051991
17051991
18051991
19051991
20051991
21051991
22051991
23051991
24051991
25051991
26051991
27051991
28051991
29051991
30051991
01061991
02061991
03061991
04061991
05061991
06061991
07061991
08061991
09061991
10061991
11061991
12061991
13061991
14061991
15061991
16061991
17061991
18061991
19061991
20061991
21061991
22061991
23061991
24061991
25061991
26061991
27061991
28061991
29061991
30061991
01071991
02071991
03071991
04071991
05071991
06071991
07071991
08071991
09071991
10071991
11071991
12071991
13071991
14071991
15071991
16071991
17071991
18071991
19071991
20071991
21071991
22071991
23071991
24071991
25071991
26071991
27071991
28071991
29071991
30071991
01081991
02081991
03081991
04081991
05081991
06081991
07081991
08081991
09081991
10081991
11081991
12081991
13081991
14081991
15081991
16081991
17081991
18081991
19081991
20081991
21081991
22081991
23081991
24081991
25081991
26081991
27081991
28081991
29081991
30081991
01091991
02091991
03091991
04091991
05091991
06091991
07091991
08091991
09091991
10091991
11091991
12091991
13091991
14091991
15091991
16091991
17091991
18091991
19091991
20091991
21091991
22091991
23091991
24091991
25091991
26091991
27091991
28091991
29091991
30091991
01101991
02101991
03101991
04101991
05101991
06101991
07101991
08101991
09101991
10101991
11101991
12101991
13101991
14101991
15101991
16101991
17101991
18101991
19101991
20101991
21101991
22101991
23101991
24101991
25101991
26101991
27101991
28101991
29101991
30101991
01111991
02111991
03111991
04111991
05111991
06111991
07111991
08111991
09111991
10111991
11111991
12111991
13111991
14111991
15111991
16111991
17111991
18111991
19111991
20111991
21111991
22111991
23111991
24111991
25111991
26111991
27111991
28111991
29111991
30111991
01011992
02011992
03011992
04011992
05011992
06011992
07011992
08011992
09011992
10011992
11011992
12011992
13011992
14011992
15011992
16011992
17011992
18011992
19011992
20011992
21011992
22011992
23011992
24011992
25011992
26011992
27011992
28011992
29011992
30011992
01021992
02021992
03021992
04021992
05021992
06021992
07021992
08021992
09021992
10021992
11021992
12021992
13021992
14021992
15021992
16021992
17021992
18021992
19021992
20021992
21021992
22021992
23021992
24021992
25021992
26021992
27021992
28021992
29021992
30021992
01031992
02031992
03031992
04031992
05031992
06031992
07031992
08031992
09031992
10031992
11031992
12031992
13031992
14031992
15031992
16031992
17031992
18031992
19031992
20031992
21031992
22031992
23031992
24031992
25031992
26031992
27031992
28031992
29031992
30031992
01041992
02041992
03041992
04041992
05041992
06041992
07041992
08041992
09041992
10041992
11041992
12041992
13041992
14041992
15041992
16041992
17041992
18041992
19041992
20041992
21041992
22041992
23041992
24041992
25041992
26041992
27041992
28041992
29041992
30041992
01051992
02051992
03051992
04051992
05051992
06051992
07051992
08051992
09051992
10051992
11051992
12051992
13051992
14051992
15051992
16051992
17051992
18051992
19051992
20051992
21051992
22051992
23051992
24051992
25051992
26051992
27051992
28051992
29051992
30051992
01061992
02061992
03061992
04061992
05061992
06061992
07061992
08061992
09061992
10061992
11061992
12061992
13061992
14061992
15061992
16061992
17061992
18061992
19061992
20061992
21061992
22061992
23061992
24061992
25061992
26061992
27061992
28061992
29061992
30061992
01071992
02071992
03071992
04071992
05071992
06071992
07071992
08071992
09071992
10071992
11071992
12071992
13071992
14071992
15071992
16071992
17071992
18071992
19071992
20071992
21071992
22071992
23071992
24071992
25071992
26071992
27071992
28071992
29071992
30071992
01081992
02081992
03081992
04081992
05081992
06081992
07081992
08081992
09081992
10081992
11081992
12081992
13081992
14081992
15081992
16081992
17081992
18081992
19081992
20081992
21081992
22081992
23081992
24081992
25081992
26081992
27081992
28081992
29081992
30081992
01091992
02091992
03091992
04091992
05091992
06091992
07091992
08091992
09091992
10091992
11091992
12091992
13091992
14091992
15091992
16091992
17091992
18091992
19091992
20091992
21091992
22091992
23091992
24091992
25091992
26091992
27091992
28091992
29091992
30091992
01101992
02101992
03101992
04101992
05101992
06101992
07101992
08101992
09101992
10101992
11101992
12101992
13101992
14101992
15101992
16101992
17101992
18101992
19101992
20101992
21101992
22101992
23101992
24101992
25101992
26101992
27101992
28101992
29101992
30101992
01111992
02111992
03111992
04111992
05111992
06111992
07111992
08111992
09111992
10111992
11111992
12111992
13111992
14111992
15111992
16111992
17111992
18111992
19111992
20111992
21111992
22111992
23111992
24111992
25111992
26111992
27111992
28111992
29111992
30111992
01011993
02011993
03011993
04011993
05011993
06011993
07011993
08011993
09011993
10011993
11011993
12011993
13011993
14011993
15011993
16011993
17011993
18011993
19011993
20011993
21011993
22011993
23011993
24011993
25011993
26011993
27011993
28011993
29011993
30011993
01021993
02021993
03021993
04021993
05021993
06021993
07021993
08021993
09021993
10021993
11021993
12021993
13021993
14021993
15021993
16021993
17021993
18021993
19021993
20021993
21021993
22021993
23021993
24021993
25021993
26021993
27021993
28021993
29021993
30021993
01031993
02031993
03031993
04031993
05031993
06031993
07031993
08031993
09031993
10031993
11031993
12031993
13031993
14031993
15031993
16031993
17031993
18031993
19031993
20031993
21031993
22031993
23031993
24031993
25031993
26031993
27031993
28031993
29031993
30031993
01041993
02041993
03041993
04041993
05041993
06041993
07041993
08041993
09041993
10041993
11041993
12041993
13041993
14041993
15041993
16041993
17041993
18041993
19041993
20041993
21041993
22041993
23041993
24041993
25041993
26041993
27041993
28041993
29041993
30041993
01051993
02051993
03051993
04051993
05051993
06051993
07051993
08051993
09051993
10051993
11051993
12051993
13051993
14051993
15051993
16051993
17051993
18051993
19051993
20051993
21051993
22051993
23051993
24051993
25051993
26051993
27051993
28051993
29051993
30051993
01061993
02061993
03061993
04061993
05061993
06061993
07061993
08061993
09061993
10061993
11061993
12061993
13061993
14061993
15061993
16061993
17061993
18061993
19061993
20061993
21061993
22061993
23061993
24061993
25061993
26061993
27061993
28061993
29061993
30061993
01071993
02071993
03071993
04071993
05071993
06071993
07071993
08071993
09071993
10071993
11071993
12071993
13071993
14071993
15071993
16071993
17071993
18071993
19071993
20071993
21071993
22071993
23071993
24071993
25071993
26071993
27071993
28071993
29071993
30071993
01081993
02081993
03081993
04081993
05081993
06081993
07081993
08081993
09081993
10081993
11081993
12081993
13081993
14081993
15081993
16081993
17081993
18081993
19081993
20081993
21081993
22081993
23081993
24081993
25081993
26081993
27081993
28081993
29081993
30081993
01091993
02091993
03091993
04091993
05091993
06091993
07091993
08091993
09091993
10091993
11091993
12091993
13091993
14091993
15091993
16091993
17091993
18091993
19091993
20091993
21091993
22091993
23091993
24091993
25091993
26091993
27091993
28091993
29091993
30091993
01101993
02101993
03101993
04101993
05101993
06101993
07101993
08101993
09101993
10101993
11101993
12101993
13101993
14101993
15101993
16101993
17101993
18101993
19101993
20101993
21101993
22101993
23101993
24101993
25101993
26101993
27101993
28101993
29101993
30101993
01111993
02111993
03111993
04111993
05111993
06111993
07111993
08111993
09111993
10111993
11111993
12111993
13111993
14111993
15111993
16111993
17111993
18111993
19111993
20111993
21111993
22111993
23111993
24111993
25111993
26111993
27111993
28111993
29111993
30111993
01011994
02011994
03011994
04011994
05011994
06011994
07011994
08011994
09011994
10011994
11011994
12011994
13011994
14011994
15011994
16011994
17011994
18011994
19011994
20011994
21011994
22011994
23011994
24011994
25011994
26011994
27011994
28011994
29011994
30011994
01021994
02021994
03021994
04021994
05021994
06021994
07021994
08021994
09021994
10021994
11021994
12021994
13021994
14021994
15021994
16021994
17021994
18021994
19021994
20021994
21021994
22021994
23021994
24021994
25021994
26021994
27021994
28021994
29021994
30021994
01031994
02031994
03031994
04031994
05031994
06031994
07031994
08031994
09031994
10031994
11031994
12031994
13031994
14031994
15031994
16031994
17031994
18031994
19031994
20031994
21031994
22031994
23031994
24031994
25031994
26031994
27031994
28031994
29031994
30031994
01041994
02041994
03041994
04041994
05041994
06041994
07041994
08041994
09041994
10041994
11041994
12041994
13041994
14041994
15041994
16041994
17041994
18041994
19041994
20041994
21041994
22041994
23041994
24041994
25041994
26041994
27041994
28041994
29041994
30041994
01051994
02051994
03051994
04051994
05051994
06051994
07051994
08051994
09051994
10051994
11051994
12051994
13051994
14051994
15051994
16051994
17051994
18051994
19051994
20051994
21051994
22051994
23051994
24051994
25051994
26051994
27051994
28051994
29051994
30051994
01061994
02061994
03061994
04061994
05061994
06061994
07061994
08061994
09061994
10061994
11061994
12061994
13061994
14061994
15061994
16061994
17061994
18061994
19061994
20061994
21061994
22061994
23061994
24061994
25061994
26061994
27061994
28061994
29061994
30061994
01071994
02071994
03071994
04071994
05071994
06071994
07071994
08071994
09071994
10071994
11071994
12071994
13071994
14071994
15071994
16071994
17071994
18071994
19071994
20071994
21071994
22071994
23071994
24071994
25071994
26071994
27071994
28071994
29071994
30071994
01081994
02081994
03081994
04081994
05081994
06081994
07081994
08081994
09081994
10081994
11081994
12081994
13081994
14081994
15081994
16081994
17081994
18081994
19081994
20081994
21081994
22081994
23081994
24081994
25081994
26081994
27081994
28081994
29081994
30081994
01091994
02091994
03091994
04091994
05091994
06091994
07091994
08091994
09091994
10091994
11091994
12091994
13091994
14091994
15091994
16091994
17091994
18091994
19091994
20091994
21091994
22091994
23091994
24091994
25091994
26091994
27091994
28091994
29091994
30091994
01101994
02101994
03101994
04101994
05101994
06101994
07101994
08101994
09101994
10101994
11101994
12101994
13101994
14101994
15101994
16101994
17101994
18101994
19101994
20101994
21101994
22101994
23101994
24101994
25101994
26101994
27101994
28101994
29101994
30101994
01111994
02111994
03111994
04111994
05111994
06111994
07111994
08111994
09111994
10111994
11111994
12111994
13111994
14111994
15111994
16111994
17111994
18111994
19111994
20111994
21111994
22111994
23111994
24111994
25111994
26111994
27111994
28111994
29111994
30111994
01011995
02011995
03011995
04011995
05011995
06011995
07011995
08011995
09011995
10011995
11011995
12011995
13011995
14011995
15011995
16011995
17011995
18011995
19011995
20011995
21011995
22011995
23011995
24011995
25011995
26011995
27011995
28011995
29011995
30011995
01021995
02021995
03021995
04021995
05021995
06021995
07021995
08021995
09021995
10021995
11021995
12021995
13021995
14021995
15021995
16021995
17021995
18021995
19021995
20021995
21021995
22021995
23021995
24021995
25021995
26021995
27021995
28021995
29021995
30021995
01031995
02031995
03031995
04031995
05031995
06031995
07031995
08031995
09031995
10031995
11031995
12031995
13031995
14031995
15031995
16031995
17031995
18031995
19031995
20031995
21031995
22031995
23031995
24031995
25031995
26031995
27031995
28031995
29031995
30031995
01041995
02041995
03041995
04041995
05041995
06041995
07041995
08041995
09041995
10041995
11041995
12041995
13041995
14041995
15041995
16041995
17041995
18041995
19041995
20041995
21041995
22041995
23041995
24041995
25041995
26041995
27041995
28041995
29041995
30041995
01051995
02051995
03051995
04051995
05051995
06051995
07051995
08051995
09051995
10051995
11051995
12051995
13051995
14051995
15051995
16051995
17051995
18051995
19051995
20051995
21051995
22051995
23051995
24051995
25051995
26051995
27051995
28051995
29051995
30051995
01061995
02061995
03061995
04061995
05061995
06061995
07061995
08061995
09061995
10061995
11061995
12061995
13061995
14061995
15061995
16061995
17061995
18061995
19061995
20061995
21061995
22061995
23061995
24061995
25061995
26061995
27061995
28061995
29061995
30061995
01071995
02071995
03071995
04071995
05071995
06071995
07071995
08071995
09071995
10071995
11071995
12071995
13071995
14071995
15071995
16071995
17071995
18071995
19071995
20071995
21071995
22071995
23071995
24071995
25071995
26071995
27071995
28071995
29071995
30071995
01081995
02081995
03081995
04081995
05081995
06081995
07081995
08081995
09081995
10081995
11081995
12081995
13081995
14081995
15081995
16081995
17081995
18081995
19081995
20081995
21081995
22081995
23081995
24081995
25081995
26081995
27081995
28081995
29081995
30081995
01091995
02091995
03091995
04091995
05091995
06091995
07091995
08091995
09091995
10091995
11091995
12091995
13091995
14091995
15091995
16091995
17091995
18091995
19091995
20091995
21091995
22091995
23091995
24091995
25091995
26091995
27091995
28091995
29091995
30091995
01101995
02101995
03101995
04101995
05101995
06101995
07101995
08101995
09101995
10101995
11101995
12101995
13101995
14101995
15101995
16101995
17101995
18101995
19101995
20101995
21101995
22101995
23101995
24101995
25101995
26101995
27101995
28101995
29101995
30101995
01111995
02111995
03111995
04111995
05111995
06111995
07111995
08111995
09111995
10111995
11111995
12111995
13111995
14111995
15111995
16111995
17111995
18111995
19111995
20111995
21111995
22111995
23111995
24111995
25111995
26111995
27111995
28111995
29111995
30111995
01011996
02011996
03011996
04011996
05011996
06011996
07011996
08011996
09011996
10011996
11011996
12011996
13011996
14011996
15011996
16011996
17011996
18011996
19011996
20011996
21011996
22011996
23011996
24011996
25011996
26011996
27011996
28011996
29011996
30011996
01021996
02021996
03021996
04021996
05021996
06021996
07021996
08021996
09021996
10021996
11021996
12021996
13021996
14021996
15021996
16021996
17021996
18021996
19021996
20021996
21021996
22021996
23021996
24021996
25021996
26021996
27021996
28021996
29021996
30021996
01031996
02031996
03031996
04031996
05031996
06031996
07031996
08031996
09031996
10031996
11031996
12031996
13031996
14031996
15031996
16031996
17031996
18031996
19031996
20031996
21031996
22031996
23031996
24031996
25031996
26031996
27031996
28031996
29031996
30031996
01041996
02041996
03041996
04041996
05041996
06041996
07041996
08041996
09041996
10041996
11041996
12041996
13041996
14041996
15041996
16041996
17041996
18041996
19041996
20041996
21041996
22041996
23041996
24041996
25041996
26041996
27041996
28041996
29041996
30041996
01051996
02051996
03051996
04051996
05051996
06051996
07051996
08051996
09051996
10051996
11051996
12051996
13051996
14051996
15051996
16051996
17051996
18051996
19051996
20051996
21051996
22051996
23051996
24051996
25051996
26051996
27051996
28051996
29051996
30051996
01061996
02061996
03061996
04061996
05061996
06061996
07061996
08061996
09061996
10061996
11061996
12061996
13061996
14061996
15061996
16061996
17061996
18061996
19061996
20061996
21061996
22061996
23061996
24061996
25061996
26061996
27061996
28061996
29061996
30061996
01071996
02071996
03071996
04071996
05071996
06071996
07071996
08071996
09071996
10071996
11071996
12071996
13071996
14071996
15071996
16071996
17071996
18071996
19071996
20071996
21071996
22071996
23071996
24071996
25071996
26071996
27071996
28071996
29071996
30071996
01081996
02081996
03081996
04081996
05081996
06081996
07081996
08081996
09081996
10081996
11081996
12081996
13081996
14081996
15081996
16081996
17081996
18081996
19081996
20081996
21081996
22081996
23081996
24081996
25081996
26081996
27081996
28081996
29081996
30081996
01091996
02091996
03091996
04091996
05091996
06091996
07091996
08091996
09091996
10091996
11091996
12091996
13091996
14091996
15091996
16091996
17091996
18091996
19091996
20091996
21091996
22091996
23091996
24091996
25091996
26091996
27091996
28091996
29091996
30091996
01101996
02101996
03101996
04101996
05101996
06101996
07101996
08101996
09101996
10101996
11101996
12101996
13101996
14101996
15101996
16101996
17101996
18101996
19101996
20101996
21101996
22101996
23101996
24101996
25101996
26101996
27101996
28101996
29101996
30101996
01111996
02111996
03111996
04111996
05111996
06111996
07111996
08111996
09111996
10111996
11111996
12111996
13111996
14111996
15111996
16111996
17111996
18111996
19111996
20111996
21111996
22111996
23111996
24111996
25111996
26111996
27111996
28111996
29111996
30111996
01011997
02011997
03011997
04011997
05011997
06011997
07011997
08011997
09011997
10011997
11011997
12011997
13011997
14011997
15011997
16011997
17011997
18011997
19011997
20011997
21011997
22011997
23011997
24011997
25011997
26011997
27011997
28011997
29011997
30011997
01021997
02021997
03021997
04021997
05021997
06021997
07021997
08021997
09021997
10021997
11021997
12021997
13021997
14021997
15021997
16021997
17021997
18021997
19021997
20021997
21021997
22021997
23021997
24021997
25021997
26021997
27021997
28021997
29021997
30021997
01031997
02031997
03031997
04031997
05031997
06031997
07031997
08031997
09031997
10031997
11031997
12031997
13031997
14031997
15031997
16031997
17031997
18031997
19031997
20031997
21031997
22031997
23031997
24031997
25031997
26031997
27031997
28031997
29031997
30031997
01041997
02041997
03041997
04041997
05041997
06041997
07041997
08041997
09041997
10041997
11041997
12041997
13041997
14041997
15041997
16041997
17041997
18041997
19041997
20041997
21041997
22041997
23041997
24041997
25041997
26041997
27041997
28041997
29041997
30041997
01051997
02051997
03051997
04051997
05051997
06051997
07051997
08051997
09051997
10051997
11051997
12051997
13051997
14051997
15051997
16051997
17051997
18051997
19051997
20051997
21051997
22051997
23051997
24051997
25051997
26051997
27051997
28051997
29051997
30051997
01061997
02061997
03061997
04061997
05061997
06061997
07061997
08061997
09061997
10061997
11061997
12061997
13061997
14061997
15061997
16061997
17061997
18061997
19061997
20061997
21061997
22061997
23061997
24061997
25061997
26061997
27061997
28061997
29061997
30061997
01071997
02071997
03071997
04071997
05071997
06071997
07071997
08071997
09071997
10071997
11071997
12071997
13071997
14071997
15071997
16071997
17071997
18071997
19071997
20071997
21071997
22071997
23071997
24071997
25071997
26071997
27071997
28071997
29071997
30071997
01081997
02081997
03081997
04081997
05081997
06081997
07081997
08081997
09081997
10081997
11081997
12081997
13081997
14081997
15081997
16081997
17081997
18081997
19081997
20081997
21081997
22081997
23081997
24081997
25081997
26081997
27081997
28081997
29081997
30081997
01091997
02091997
03091997
04091997
05091997
06091997
07091997
08091997
09091997
10091997
11091997
12091997
13091997
14091997
15091997
16091997
17091997
18091997
19091997
20091997
21091997
22091997
23091997
24091997
25091997
26091997
27091997
28091997
29091997
30091997
01101997
02101997
03101997
04101997
05101997
06101997
07101997
08101997
09101997
10101997
11101997
12101997
13101997
14101997
15101997
16101997
17101997
18101997
19101997
20101997
21101997
22101997
23101997
24101997
25101997
26101997
27101997
28101997
29101997
30101997
01111997
02111997
03111997
04111997
05111997
06111997
07111997
08111997
09111997
10111997
11111997
12111997
13111997
14111997
15111997
16111997
17111997
18111997
19111997
20111997
21111997
22111997
23111997
24111997
25111997
26111997
27111997
28111997
29111997
30111997
01011998
02011998
03011998
04011998
05011998
06011998
07011998
08011998
09011998
10011998
11011998
12011998
13011998
14011998
15011998
16011998
17011998
18011998
19011998
20011998
21011998
22011998
23011998
24011998
25011998
26011998
27011998
28011998
29011998
30011998
01021998
02021998
03021998
04021998
05021998
06021998
07021998
08021998
09021998
10021998
11021998
12021998
13021998
14021998
15021998
16021998
17021998
18021998
19021998
20021998
21021998
22021998
23021998
24021998
25021998
26021998
27021998
28021998
29021998
30021998
01031998
02031998
03031998
04031998
05031998
06031998
07031998
08031998
09031998
10031998
11031998
12031998
13031998
14031998
15031998
16031998
17031998
18031998
19031998
20031998
21031998
22031998
23031998
24031998
25031998
26031998
27031998
28031998
29031998
30031998
01041998
02041998
03041998
04041998
05041998
06041998
07041998
08041998
09041998
10041998
11041998
12041998
13041998
14041998
15041998
16041998
17041998
18041998
19041998
20041998
21041998
22041998
23041998
24041998
25041998
26041998
27041998
28041998
29041998
30041998
01051998
02051998
03051998
04051998
05051998
06051998
07051998
08051998
09051998
10051998
11051998
12051998
13051998
14051998
15051998
16051998
17051998
18051998
19051998
20051998
21051998
22051998
23051998
24051998
25051998
26051998
27051998
28051998
29051998
30051998
01061998
02061998
03061998
04061998
05061998
06061998
07061998
08061998
09061998
10061998
11061998
12061998
13061998
14061998
15061998
16061998
17061998
18061998
19061998
20061998
21061998
22061998
23061998
24061998
25061998
26061998
27061998
28061998
29061998
30061998
01071998
02071998
03071998
04071998
05071998
06071998
07071998
08071998
09071998
10071998
11071998
12071998
13071998
14071998
15071998
16071998
17071998
18071998
19071998
20071998
21071998
22071998
23071998
24071998
25071998
26071998
27071998
28071998
29071998
30071998
01081998
02081998
03081998
04081998
05081998
06081998
07081998
08081998
09081998
10081998
11081998
12081998
13081998
14081998
15081998
16081998
17081998
18081998
19081998
20081998
21081998
22081998
23081998
24081998
25081998
26081998
27081998
28081998
29081998
30081998
01091998
02091998
03091998
04091998
05091998
06091998
07091998
08091998
09091998
10091998
11091998
12091998
13091998
14091998
15091998
16091998
17091998
18091998
19091998
20091998
21091998
22091998
23091998
24091998
25091998
26091998
27091998
28091998
29091998
30091998
01101998
02101998
03101998
04101998
05101998
06101998
07101998
08101998
09101998
10101998
11101998
12101998
13101998
14101998
15101998
16101998
17101998
18101998
19101998
20101998
21101998
22101998
23101998
24101998
25101998
26101998
27101998
28101998
29101998
30101998
01111998
02111998
03111998
04111998
05111998
06111998
07111998
08111998
09111998
10111998
11111998
12111998
13111998
14111998
15111998
16111998
17111998
18111998
19111998
20111998
21111998
22111998
23111998
24111998
25111998
26111998
27111998
28111998
29111998
30111998
01011999
02011999
03011999
04011999
05011999
06011999
07011999
08011999
09011999
10011999
11011999
12011999
13011999
14011999
15011999
16011999
17011999
18011999
19011999
20011999
21011999
22011999
23011999
24011999
25011999
26011999
27011999
28011999
29011999
30011999
01021999
02021999
03021999
04021999
05021999
06021999
07021999
08021999
09021999
10021999
11021999
12021999
13021999
14021999
15021999
16021999
17021999
18021999
19021999
20021999
21021999
22021999
23021999
24021999
25021999
26021999
27021999
28021999
29021999
30021999
01031999
02031999
03031999
04031999
05031999
06031999
07031999
08031999
09031999
10031999
11031999
12031999
13031999
14031999
15031999
16031999
17031999
18031999
19031999
20031999
21031999
22031999
23031999
24031999
25031999
26031999
27031999
28031999
29031999
30031999
01041999
02041999
03041999
04041999
05041999
06041999
07041999
08041999
09041999
10041999
11041999
12041999
13041999
14041999
15041999
16041999
17041999
18041999
19041999
20041999
21041999
22041999
23041999
24041999
25041999
26041999
27041999
28041999
29041999
30041999
01051999
02051999
03051999
04051999
05051999
06051999
07051999
08051999
09051999
10051999
11051999
12051999
13051999
14051999
15051999
16051999
17051999
18051999
19051999
20051999
21051999
22051999
23051999
24051999
25051999
26051999
27051999
28051999
29051999
30051999
01061999
02061999
03061999
04061999
05061999
06061999
07061999
08061999
09061999
10061999
11061999
12061999
13061999
14061999
15061999
16061999
17061999
18061999
19061999
20061999
21061999
22061999
23061999
24061999
25061999
26061999
27061999
28061999
29061999
30061999
01071999
02071999
03071999
04071999
05071999
06071999
07071999
08071999
09071999
10071999
11071999
12071999
13071999
14071999
15071999
16071999
17071999
18071999
19071999
20071999
21071999
22071999
23071999
24071999
25071999
26071999
27071999
28071999
29071999
30071999
01081999
02081999
03081999
04081999
05081999
06081999
07081999
08081999
09081999
10081999
11081999
12081999
13081999
14081999
15081999
16081999
17081999
18081999
19081999
20081999
21081999
22081999
23081999
24081999
25081999
26081999
27081999
28081999
29081999
30081999
01091999
02091999
03091999
04091999
05091999
06091999
07091999
08091999
09091999
10091999
11091999
12091999
13091999
14091999
15091999
16091999
17091999
18091999
19091999
20091999
21091999
22091999
23091999
24091999
25091999
26091999
27091999
28091999
29091999
30091999
01101999
02101999
03101999
04101999
05101999
06101999
07101999
08101999
09101999
10101999
11101999
12101999
13101999
14101999
15101999
16101999
17101999
18101999
19101999
20101999
21101999
22101999
23101999
24101999
25101999
26101999
27101999
28101999
29101999
30101999
01111999
02111999
03111999
04111999
05111999
06111999
07111999
08111999
09111999
10111999
11111999
12111999
13111999
14111999
15111999
16111999
17111999
18111999
19111999
20111999
21111999
22111999
23111999
24111999
25111999
26111999
27111999
28111999
29111999
30111999
01012000
02012000
03012000
04012000
05012000
06012000
07012000
08012000
09012000
10012000
11012000
12012000
13012000
14012000
15012000
16012000
17012000
18012000
19012000
20012000
21012000
22012000
23012000
24012000
25012000
26012000
27012000
28012000
29012000
30012000
01022000
02022000
03022000
04022000
05022000
06022000
07022000
08022000
09022000
10022000
11022000
12022000
13022000
14022000
15022000
16022000
17022000
18022000
19022000
20022000
21022000
22022000
23022000
24022000
25022000
26022000
27022000
28022000
29022000
30022000
01032000
02032000
03032000
04032000
05032000
06032000
07032000
08032000
09032000
10032000
11032000
12032000
13032000
14032000
15032000
16032000
17032000
18032000
19032000
20032000
21032000
22032000
23032000
24032000
25032000
26032000
27032000
28032000
29032000
30032000
01042000
02042000
03042000
04042000
05042000
06042000
07042000
08042000
09042000
10042000
11042000
12042000
13042000
14042000
15042000
16042000
17042000
18042000
19042000
20042000
21042000
22042000
23042000
24042000
25042000
26042000
27042000
28042000
29042000
30042000
01052000
02052000
03052000
04052000
05052000
06052000
07052000
08052000
09052000
10052000
11052000
12052000
13052000
14052000
15052000
16052000
17052000
18052000
19052000
20052000
21052000
22052000
23052000
24052000
25052000
26052000
27052000
28052000
29052000
30052000
01062000
02062000
03062000
04062000
05062000
06062000
07062000
08062000
09062000
10062000
11062000
12062000
13062000
14062000
15062000
16062000
17062000
18062000
19062000
20062000
21062000
22062000
23062000
24062000
25062000
26062000
27062000
28062000
29062000
30062000
01072000
02072000
03072000
04072000
05072000
06072000
07072000
08072000
09072000
10072000
11072000
12072000
13072000
14072000
15072000
16072000
17072000
18072000
19072000
20072000
21072000
22072000
23072000
24072000
25072000
26072000
27072000
28072000
29072000
30072000
01082000
02082000
03082000
04082000
05082000
06082000
07082000
08082000
09082000
10082000
11082000
12082000
13082000
14082000
15082000
16082000
17082000
18082000
19082000
20082000
21082000
22082000
23082000
24082000
25082000
26082000
27082000
28082000
29082000
30082000
01092000
02092000
03092000
04092000
05092000
06092000
07092000
08092000
09092000
10092000
11092000
12092000
13092000
14092000
15092000
16092000
17092000
18092000
19092000
20092000
21092000
22092000
23092000
24092000
25092000
26092000
27092000
28092000
29092000
30092000
01102000
02102000
03102000
04102000
05102000
06102000
07102000
08102000
09102000
10102000
11102000
12102000
13102000
14102000
15102000
16102000
17102000
18102000
19102000
20102000
21102000
22102000
23102000
24102000
25102000
26102000
27102000
28102000
29102000
30102000
01112000
02112000
03112000
04112000
05112000
06112000
07112000
08112000
09112000
10112000
11112000
12112000
13112000
14112000
15112000
16112000
17112000
18112000
19112000
20112000
21112000
22112000
23112000
24112000
25112000
26112000
27112000
28112000
29112000
30112000
01012001
02012001
03012001
04012001
05012001
06012001
07012001
08012001
09012001
10012001
11012001
12012001
13012001
14012001
15012001
16012001
17012001
18012001
19012001
20012001
21012001
22012001
23012001
24012001
25012001
26012001
27012001
28012001
29012001
30012001
01022001
02022001
03022001
04022001
05022001
06022001
07022001
08022001
09022001
10022001
11022001
12022001
13022001
14022001
15022001
16022001
17022001
18022001
19022001
20022001
21022001
22022001
23022001
24022001
25022001
26022001
27022001
28022001
29022001
30022001
01032001
02032001
03032001
04032001
05032001
06032001
07032001
08032001
09032001
10032001
11032001
12032001
13032001
14032001
15032001
16032001
17032001
18032001
19032001
20032001
21032001
22032001
23032001
24032001
25032001
26032001
27032001
28032001
29032001
30032001
01042001
02042001
03042001
04042001
05042001
06042001
07042001
08042001
09042001
10042001
11042001
12042001
13042001
14042001
15042001
16042001
17042001
18042001
19042001
20042001
21042001
22042001
23042001
24042001
25042001
26042001
27042001
28042001
29042001
30042001
01052001
02052001
03052001
04052001
05052001
06052001
07052001
08052001
09052001
10052001
11052001
12052001
13052001
14052001
15052001
16052001
17052001
18052001
19052001
20052001
21052001
22052001
23052001
24052001
25052001
26052001
27052001
28052001
29052001
30052001
01062001
02062001
03062001
04062001
05062001
06062001
07062001
08062001
09062001
10062001
11062001
12062001
13062001
14062001
15062001
16062001
17062001
18062001
19062001
20062001
21062001
22062001
23062001
24062001
25062001
26062001
27062001
28062001
29062001
30062001
01072001
02072001
03072001
04072001
05072001
06072001
07072001
08072001
09072001
10072001
11072001
12072001
13072001
14072001
15072001
16072001
17072001
18072001
19072001
20072001
21072001
22072001
23072001
24072001
25072001
26072001
27072001
28072001
29072001
30072001
01082001
02082001
03082001
04082001
05082001
06082001
07082001
08082001
09082001
10082001
11082001
12082001
13082001
14082001
15082001
16082001
17082001
18082001
19082001
20082001
21082001
22082001
23082001
24082001
25082001
26082001
27082001
28082001
29082001
30082001
01092001
02092001
03092001
04092001
05092001
06092001
07092001
08092001
09092001
10092001
11092001
12092001
13092001
14092001
15092001
16092001
17092001
18092001
19092001
20092001
21092001
22092001
23092001
24092001
25092001
26092001
27092001
28092001
29092001
30092001
01102001
02102001
03102001
04102001
05102001
06102001
07102001
08102001
09102001
10102001
11102001
12102001
13102001
14102001
15102001
16102001
17102001
18102001
19102001
20102001
21102001
22102001
23102001
24102001
25102001
26102001
27102001
28102001
29102001
30102001
01112001
02112001
03112001
04112001
05112001
06112001
07112001
08112001
09112001
10112001
11112001
12112001
13112001
14112001
15112001
16112001
17112001
18112001
19112001
20112001
21112001
22112001
23112001
24112001
25112001
26112001
27112001
28112001
29112001
30112001
01012002
02012002
03012002
04012002
05012002
06012002
07012002
08012002
09012002
10012002
11012002
12012002
13012002
14012002
15012002
16012002
17012002
18012002
19012002
20012002
21012002
22012002
23012002
24012002
25012002
26012002
27012002
28012002
29012002
30012002
01022002
02022002
03022002
04022002
05022002
06022002
07022002
08022002
09022002
10022002
11022002
12022002
13022002
14022002
15022002
16022002
17022002
18022002
19022002
20022002
21022002
22022002
23022002
24022002
25022002
26022002
27022002
28022002
29022002
30022002
01032002
02032002
03032002
04032002
05032002
06032002
07032002
08032002
09032002
10032002
11032002
12032002
13032002
14032002
15032002
16032002
17032002
18032002
19032002
20032002
21032002
22032002
23032002
24032002
25032002
26032002
27032002
28032002
29032002
30032002
01042002
02042002
03042002
04042002
05042002
06042002
07042002
08042002
09042002
10042002
11042002
12042002
13042002
14042002
15042002
16042002
17042002
18042002
19042002
20042002
21042002
22042002
23042002
24042002
25042002
26042002
27042002
28042002
29042002
30042002
01052002
02052002
03052002
04052002
05052002
06052002
07052002
08052002
09052002
10052002
11052002
12052002
13052002
14052002
15052002
16052002
17052002
18052002
19052002
20052002
21052002
22052002
23052002
24052002
25052002
26052002
27052002
28052002
29052002
30052002
01062002
02062002
03062002
04062002
05062002
06062002
07062002
08062002
09062002
10062002
11062002
12062002
13062002
14062002
15062002
16062002
17062002
18062002
19062002
20062002
21062002
22062002
23062002
24062002
25062002
26062002
27062002
28062002
29062002
30062002
01072002
02072002
03072002
04072002
05072002
06072002
07072002
08072002
09072002
10072002
11072002
12072002
13072002
14072002
15072002
16072002
17072002
18072002
19072002
20072002
21072002
22072002
23072002
24072002
25072002
26072002
27072002
28072002
29072002
30072002
01082002
02082002
03082002
04082002
05082002
06082002
07082002
08082002
09082002
10082002
11082002
12082002
13082002
14082002
15082002
16082002
17082002
18082002
19082002
20082002
21082002
22082002
23082002
24082002
25082002
26082002
27082002
28082002
29082002
30082002
01092002
02092002
03092002
04092002
05092002
06092002
07092002
08092002
09092002
10092002
11092002
12092002
13092002
14092002
15092002
16092002
17092002
18092002
19092002
20092002
21092002
22092002
23092002
24092002
25092002
26092002
27092002
28092002
29092002
30092002
01102002
02102002
03102002
04102002
05102002
06102002
07102002
08102002
09102002
10102002
11102002
12102002
13102002
14102002
15102002
16102002
17102002
18102002
19102002
20102002
21102002
22102002
23102002
24102002
25102002
26102002
27102002
28102002
29102002
30102002
01112002
02112002
03112002
04112002
05112002
06112002
07112002
08112002
09112002
10112002
11112002
12112002
13112002
14112002
15112002
16112002
17112002
18112002
19112002
20112002
21112002
22112002
23112002
24112002
25112002
26112002
27112002
28112002
29112002
30112002
01012003
02012003
03012003
04012003
05012003
06012003
07012003
08012003
09012003
10012003
11012003
12012003
13012003
14012003
15012003
16012003
17012003
18012003
19012003
20012003
21012003
22012003
23012003
24012003
25012003
26012003
27012003
28012003
29012003
30012003
01022003
02022003
03022003
04022003
05022003
06022003
07022003
08022003
09022003
10022003
11022003
12022003
13022003
14022003
15022003
16022003
17022003
18022003
19022003
20022003
21022003
22022003
23022003
24022003
25022003
26022003
27022003
28022003
29022003
30022003
01032003
02032003
03032003
04032003
05032003
06032003
07032003
08032003
09032003
10032003
11032003
12032003
13032003
14032003
15032003
16032003
17032003
18032003
19032003
20032003
21032003
22032003
23032003
24032003
25032003
26032003
27032003
28032003
29032003
30032003
01042003
02042003
03042003
04042003
05042003
06042003
07042003
08042003
09042003
10042003
11042003
12042003
13042003
14042003
15042003
16042003
17042003
18042003
19042003
20042003
21042003
22042003
23042003
24042003
25042003
26042003
27042003
28042003
29042003
30042003
01052003
02052003
03052003
04052003
05052003
06052003
07052003
08052003
09052003
10052003
11052003
12052003
13052003
14052003
15052003
16052003
17052003
18052003
19052003
20052003
21052003
22052003
23052003
24052003
25052003
26052003
27052003
28052003
29052003
30052003
01062003
02062003
03062003
04062003
05062003
06062003
07062003
08062003
09062003
10062003
11062003
12062003
13062003
14062003
15062003
16062003
17062003
18062003
19062003
20062003
21062003
22062003
23062003
24062003
25062003
26062003
27062003
28062003
29062003
30062003
01072003
02072003
03072003
04072003
05072003
06072003
07072003
08072003
09072003
10072003
11072003
12072003
13072003
14072003
15072003
16072003
17072003
18072003
19072003
20072003
21072003
22072003
23072003
24072003
25072003
26072003
27072003
28072003
29072003
30072003
01082003
02082003
03082003
04082003
05082003
06082003
07082003
08082003
09082003
10082003
11082003
12082003
13082003
14082003
15082003
16082003
17082003
18082003
19082003
20082003
21082003
22082003
23082003
24082003
25082003
26082003
27082003
28082003
29082003
30082003
01092003
02092003
03092003
04092003
05092003
06092003
07092003
08092003
09092003
10092003
11092003
12092003
13092003
14092003
15092003
16092003
17092003
18092003
19092003
20092003
21092003
22092003
23092003
24092003
25092003
26092003
27092003
28092003
29092003
30092003
01102003
02102003
03102003
04102003
05102003
06102003
07102003
08102003
09102003
10102003
11102003
12102003
13102003
14102003
15102003
16102003
17102003
18102003
19102003
20102003
21102003
22102003
23102003
24102003
25102003
26102003
27102003
28102003
29102003
30102003
01112003
02112003
03112003
04112003
05112003
06112003
07112003
08112003
09112003
10112003
11112003
12112003
13112003
14112003
15112003
16112003
17112003
18112003
19112003
20112003
21112003
22112003
23112003
24112003
25112003
26112003
27112003
28112003
29112003
30112003
01012004
02012004
03012004
04012004
05012004
06012004
07012004
08012004
09012004
10012004
11012004
12012004
13012004
14012004
15012004
16012004
17012004
18012004
19012004
20012004
21012004
22012004
23012004
24012004
25012004
26012004
27012004
28012004
29012004
30012004
01022004
02022004
03022004
04022004
05022004
06022004
07022004
08022004
09022004
10022004
11022004
12022004
13022004
14022004
15022004
16022004
17022004
18022004
19022004
20022004
21022004
22022004
23022004
24022004
25022004
26022004
27022004
28022004
29022004
30022004
01032004
02032004
03032004
04032004
05032004
06032004
07032004
08032004
09032004
10032004
11032004
12032004
13032004
14032004
15032004
16032004
17032004
18032004
19032004
20032004
21032004
22032004
23032004
24032004
25032004
26032004
27032004
28032004
29032004
30032004
01042004
02042004
03042004
04042004
05042004
06042004
07042004
08042004
09042004
10042004
11042004
12042004
13042004
14042004
15042004
16042004
17042004
18042004
19042004
20042004
21042004
22042004
23042004
24042004
25042004
26042004
27042004
28042004
29042004
30042004
01052004
02052004
03052004
04052004
05052004
06052004
07052004
08052004
09052004
10052004
11052004
12052004
13052004
14052004
15052004
16052004
17052004
18052004
19052004
20052004
21052004
22052004
23052004
24052004
25052004
26052004
27052004
28052004
29052004
30052004
01062004
02062004
03062004
04062004
05062004
06062004
07062004
08062004
09062004
10062004
11062004
12062004
13062004
14062004
15062004
16062004
17062004
18062004
19062004
20062004
21062004
22062004
23062004
24062004
25062004
26062004
27062004
28062004
29062004
30062004
01072004
02072004
03072004
04072004
05072004
06072004
07072004
08072004
09072004
10072004
11072004
12072004
13072004
14072004
15072004
16072004
17072004
18072004
19072004
20072004
21072004
22072004
23072004
24072004
25072004
26072004
27072004
28072004
29072004
30072004
01082004
02082004
03082004
04082004
05082004
06082004
07082004
08082004
09082004
10082004
11082004
12082004
13082004
14082004
15082004
16082004
17082004
18082004
19082004
20082004
21082004
22082004
23082004
24082004
25082004
26082004
27082004
28082004
29082004
30082004
01092004
02092004
03092004
04092004
05092004
06092004
07092004
08092004
09092004
10092004
11092004
12092004
13092004
14092004
15092004
16092004
17092004
18092004
19092004
20092004
21092004
22092004
23092004
24092004
25092004
26092004
27092004
28092004
29092004
30092004
01102004
02102004
03102004
04102004
05102004
06102004
07102004
08102004
09102004
10102004
11102004
12102004
13102004
14102004
15102004
16102004
17102004
18102004
19102004
20102004
21102004
22102004
23102004
24102004
25102004
26102004
27102004
28102004
29102004
30102004
01112004
02112004
03112004
04112004
05112004
06112004
07112004
08112004
09112004
10112004
11112004
12112004
13112004
14112004
15112004
16112004
17112004
18112004
19112004
20112004
21112004
22112004
23112004
24112004
25112004
26112004
27112004
28112004
29112004
30112004
01012005
02012005
03012005
04012005
05012005
06012005
07012005
08012005
09012005
10012005
11012005
12012005
13012005
14012005
15012005
16012005
17012005
18012005
19012005
20012005
21012005
22012005
23012005
24012005
25012005
26012005
27012005
28012005
29012005
30012005
01022005
02022005
03022005
04022005
05022005
06022005
07022005
08022005
09022005
10022005
11022005
12022005
13022005
14022005
15022005
16022005
17022005
18022005
19022005
20022005
21022005
22022005
23022005
24022005
25022005
26022005
27022005
28022005
29022005
30022005
01032005
02032005
03032005
04032005
05032005
06032005
07032005
08032005
09032005
10032005
11032005
12032005
13032005
14032005
15032005
16032005
17032005
18032005
19032005
20032005
21032005
22032005
23032005
24032005
25032005
26032005
27032005
28032005
29032005
30032005
01042005
02042005
03042005
04042005
05042005
06042005
07042005
08042005
09042005
10042005
11042005
12042005
13042005
14042005
15042005
16042005
17042005
18042005
19042005
20042005
21042005
22042005
23042005
24042005
25042005
26042005
27042005
28042005
29042005
30042005
01052005
02052005
03052005
04052005
05052005
06052005
07052005
08052005
09052005
10052005
11052005
12052005
13052005
14052005
15052005
16052005
17052005
18052005
19052005
20052005
21052005
22052005
23052005
24052005
25052005
26052005
27052005
28052005
29052005
30052005
01062005
02062005
03062005
04062005
05062005
06062005
07062005
08062005
09062005
10062005
11062005
12062005
13062005
14062005
15062005
16062005
17062005
18062005
19062005
20062005
21062005
22062005
23062005
24062005
25062005
26062005
27062005
28062005
29062005
30062005
01072005
02072005
03072005
04072005
05072005
06072005
07072005
08072005
09072005
10072005
11072005
12072005
13072005
14072005
15072005
16072005
17072005
18072005
19072005
20072005
21072005
22072005
23072005
24072005
25072005
26072005
27072005
28072005
29072005
30072005
01082005
02082005
03082005
04082005
05082005
06082005
07082005
08082005
09082005
10082005
11082005
12082005
13082005
14082005
15082005
16082005
17082005
18082005
19082005
20082005
21082005
22082005
23082005
24082005
25082005
26082005
27082005
28082005
29082005
30082005
01092005
02092005
03092005
04092005
05092005
06092005
07092005
08092005
09092005
10092005
11092005
12092005
13092005
14092005
15092005
16092005
17092005
18092005
19092005
20092005
21092005
22092005
23092005
24092005
25092005
26092005
27092005
28092005
29092005
30092005
01102005
02102005
03102005
04102005
05102005
06102005
07102005
08102005
09102005
10102005
11102005
12102005
13102005
14102005
15102005
16102005
17102005
18102005
19102005
20102005
21102005
22102005
23102005
24102005
25102005
26102005
27102005
28102005
29102005
30102005
01112005
02112005
03112005
04112005
05112005
06112005
07112005
08112005
09112005
10112005
11112005
12112005
13112005
14112005
15112005
16112005
17112005
18112005
19112005
20112005
21112005
22112005
23112005
24112005
25112005
26112005
27112005
28112005
29112005
30112005
01012006
02012006
03012006
04012006
05012006
06012006
07012006
08012006
09012006
10012006
11012006
12012006
13012006
14012006
15012006
16012006
17012006
18012006
19012006
20012006
21012006
22012006
23012006
24012006
25012006
26012006
27012006
28012006
29012006
30012006
01022006
02022006
03022006
04022006
05022006
06022006
07022006
08022006
09022006
10022006
11022006
12022006
13022006
14022006
15022006
16022006
17022006
18022006
19022006
20022006
21022006
22022006
23022006
24022006
25022006
26022006
27022006
28022006
29022006
30022006
01032006
02032006
03032006
04032006
05032006
06032006
07032006
08032006
09032006
10032006
11032006
12032006
13032006
14032006
15032006
16032006
17032006
18032006
19032006
20032006
21032006
22032006
23032006
24032006
25032006
26032006
27032006
28032006
29032006
30032006
01042006
02042006
03042006
04042006
05042006
06042006
07042006
08042006
09042006
10042006
11042006
12042006
13042006
14042006
15042006
16042006
17042006
18042006
19042006
20042006
21042006
22042006
23042006
24042006
25042006
26042006
27042006
28042006
29042006
30042006
01052006
02052006
03052006
04052006
05052006
06052006
07052006
08052006
09052006
10052006
11052006
12052006
13052006
14052006
15052006
16052006
17052006
18052006
19052006
20052006
21052006
22052006
23052006
24052006
25052006
26052006
27052006
28052006
29052006
30052006
01062006
02062006
03062006
04062006
05062006
06062006
07062006
08062006
09062006
10062006
11062006
12062006
13062006
14062006
15062006
16062006
17062006
18062006
19062006
20062006
21062006
22062006
23062006
24062006
25062006
26062006
27062006
28062006
29062006
30062006
01072006
02072006
03072006
04072006
05072006
06072006
07072006
08072006
09072006
10072006
11072006
12072006
13072006
14072006
15072006
16072006
17072006
18072006
19072006
20072006
21072006
22072006
23072006
24072006
25072006
26072006
27072006
28072006
29072006
30072006
01082006
02082006
03082006
04082006
05082006
06082006
07082006
08082006
09082006
10082006
11082006
12082006
13082006
14082006
15082006
16082006
17082006
18082006
19082006
20082006
21082006
22082006
23082006
24082006
25082006
26082006
27082006
28082006
29082006
30082006
01092006
02092006
03092006
04092006
05092006
06092006
07092006
08092006
09092006
10092006
11092006
12092006
13092006
14092006
15092006
16092006
17092006
18092006
19092006
20092006
21092006
22092006
23092006
24092006
25092006
26092006
27092006
28092006
29092006
30092006
01102006
02102006
03102006
04102006
05102006
06102006
07102006
08102006
09102006
10102006
11102006
12102006
13102006
14102006
15102006
16102006
17102006
18102006
19102006
20102006
21102006
22102006
23102006
24102006
25102006
26102006
27102006
28102006
29102006
30102006
01112006
02112006
03112006
04112006
05112006
06112006
07112006
08112006
09112006
10112006
11112006
12112006
13112006
14112006
15112006
16112006
17112006
18112006
19112006
20112006
21112006
22112006
23112006
24112006
25112006
26112006
27112006
28112006
29112006
30112006
01012007
02012007
03012007
04012007
05012007
06012007
07012007
08012007
09012007
10012007
11012007
12012007
13012007
14012007
15012007
16012007
17012007
18012007
19012007
20012007
21012007
22012007
23012007
24012007
25012007
26012007
27012007
28012007
29012007
30012007
01022007
02022007
03022007
04022007
05022007
06022007
07022007
08022007
09022007
10022007
11022007
12022007
13022007
14022007
15022007
16022007
17022007
18022007
19022007
20022007
21022007
22022007
23022007
24022007
25022007
26022007
27022007
28022007
29022007
30022007
01032007
02032007
03032007
04032007
05032007
06032007
07032007
08032007
09032007
10032007
11032007
12032007
13032007
14032007
15032007
16032007
17032007
18032007
19032007
20032007
21032007
22032007
23032007
24032007
25032007
26032007
27032007
28032007
29032007
30032007
01042007
02042007
03042007
04042007
05042007
06042007
07042007
08042007
09042007
10042007
11042007
12042007
13042007
14042007
15042007
16042007
17042007
18042007
19042007
20042007
21042007
22042007
23042007
24042007
25042007
26042007
27042007
28042007
29042007
30042007
01052007
02052007
03052007
04052007
05052007
06052007
07052007
08052007
09052007
10052007
11052007
12052007
13052007
14052007
15052007
16052007
17052007
18052007
19052007
20052007
21052007
22052007
23052007
24052007
25052007
26052007
27052007
28052007
29052007
30052007
01062007
02062007
03062007
04062007
05062007
06062007
07062007
08062007
09062007
10062007
11062007
12062007
13062007
14062007
15062007
16062007
17062007
18062007
19062007
20062007
21062007
22062007
23062007
24062007
25062007
26062007
27062007
28062007
29062007
30062007
01072007
02072007
03072007
04072007
05072007
06072007
07072007
08072007
09072007
10072007
11072007
12072007
13072007
14072007
15072007
16072007
17072007
18072007
19072007
20072007
21072007
22072007
23072007
24072007
25072007
26072007
27072007
28072007
29072007
30072007
01082007
02082007
03082007
04082007
05082007
06082007
07082007
08082007
09082007
10082007
11082007
12082007
13082007
14082007
15082007
16082007
17082007
18082007
19082007
20082007
21082007
22082007
23082007
24082007
25082007
26082007
27082007
28082007
29082007
30082007
01092007
02092007
03092007
04092007
05092007
06092007
07092007
08092007
09092007
10092007
11092007
12092007
13092007
14092007
15092007
16092007
17092007
18092007
19092007
20092007
21092007
22092007
23092007
24092007
25092007
26092007
27092007
28092007
29092007
30092007
01102007
02102007
03102007
04102007
05102007
06102007
07102007
08102007
09102007
10102007
11102007
12102007
13102007
14102007
15102007
16102007
17102007
18102007
19102007
20102007
21102007
22102007
23102007
24102007
25102007
26102007
27102007
28102007
29102007
30102007
01112007
02112007
03112007
04112007
05112007
06112007
07112007
08112007
09112007
10112007
11112007
12112007
13112007
14112007
15112007
16112007
17112007
18112007
19112007
20112007
21112007
22112007
23112007
24112007
25112007
26112007
27112007
28112007
29112007
30112007
01012008
02012008
03012008
04012008
05012008
06012008
07012008
08012008
09012008
10012008
11012008
12012008
13012008
14012008
15012008
16012008
17012008
18012008
19012008
20012008
21012008
22012008
23012008
24012008
25012008
26012008
27012008
28012008
29012008
30012008
01022008
02022008
03022008
04022008
05022008
06022008
07022008
08022008
09022008
10022008
11022008
12022008
13022008
14022008
15022008
16022008
17022008
18022008
19022008
20022008
21022008
22022008
23022008
24022008
25022008
26022008
27022008
28022008
29022008
30022008
01032008
02032008
03032008
04032008
05032008
06032008
07032008
08032008
09032008
10032008
11032008
12032008
13032008
14032008
15032008
16032008
17032008
18032008
19032008
20032008
21032008
22032008
23032008
24032008
25032008
26032008
27032008
28032008
29032008
30032008
01042008
02042008
03042008
04042008
05042008
06042008
07042008
08042008
09042008
10042008
11042008
12042008
13042008
14042008
15042008
16042008
17042008
18042008
19042008
20042008
21042008
22042008
23042008
24042008
25042008
26042008
27042008
28042008
29042008
30042008
01052008
02052008
03052008
04052008
05052008
06052008
07052008
08052008
09052008
10052008
11052008
12052008
13052008
14052008
15052008
16052008
17052008
18052008
19052008
20052008
21052008
22052008
23052008
24052008
25052008
26052008
27052008
28052008
29052008
30052008
01062008
02062008
03062008
04062008
05062008
06062008
07062008
08062008
09062008
10062008
11062008
12062008
13062008
14062008
15062008
16062008
17062008
18062008
19062008
20062008
21062008
22062008
23062008
24062008
25062008
26062008
27062008
28062008
29062008
30062008
01072008
02072008
03072008
04072008
05072008
06072008
07072008
08072008
09072008
10072008
11072008
12072008
13072008
14072008
15072008
16072008
17072008
18072008
19072008
20072008
21072008
22072008
23072008
24072008
25072008
26072008
27072008
28072008
29072008
30072008
01082008
02082008
03082008
04082008
05082008
06082008
07082008
08082008
09082008
10082008
11082008
12082008
13082008
14082008
15082008
16082008
17082008
18082008
19082008
20082008
21082008
22082008
23082008
24082008
25082008
26082008
27082008
28082008
29082008
30082008
01092008
02092008
03092008
04092008
05092008
06092008
07092008
08092008
09092008
10092008
11092008
12092008
13092008
14092008
15092008
16092008
17092008
18092008
19092008
20092008
21092008
22092008
23092008
24092008
25092008
26092008
27092008
28092008
29092008
30092008
01102008
02102008
03102008
04102008
05102008
06102008
07102008
08102008
09102008
10102008
11102008
12102008
13102008
14102008
15102008
16102008
17102008
18102008
19102008
20102008
21102008
22102008
23102008
24102008
25102008
26102008
27102008
28102008
29102008
30102008
01112008
02112008
03112008
04112008
05112008
06112008
07112008
08112008
09112008
10112008
11112008
12112008
13112008
14112008
15112008
16112008
17112008
18112008
19112008
20112008
21112008
22112008
23112008
24112008
25112008
26112008
27112008
28112008
29112008
30112008
01012009
02012009
03012009
04012009
05012009
06012009
07012009
08012009
09012009
10012009
11012009
12012009
13012009
14012009
15012009
16012009
17012009
18012009
19012009
20012009
21012009
22012009
23012009
24012009
25012009
26012009
27012009
28012009
29012009
30012009
01022009
02022009
03022009
04022009
05022009
06022009
07022009
08022009
09022009
10022009
11022009
12022009
13022009
14022009
15022009
16022009
17022009
18022009
19022009
20022009
21022009
22022009
23022009
24022009
25022009
26022009
27022009
28022009
29022009
30022009
01032009
02032009
03032009
04032009
05032009
06032009
07032009
08032009
09032009
10032009
11032009
12032009
13032009
14032009
15032009
16032009
17032009
18032009
19032009
20032009
21032009
22032009
23032009
24032009
25032009
26032009
27032009
28032009
29032009
30032009
01042009
02042009
03042009
04042009
05042009
06042009
07042009
08042009
09042009
10042009
11042009
12042009
13042009
14042009
15042009
16042009
17042009
18042009
19042009
20042009
21042009
22042009
23042009
24042009
25042009
26042009
27042009
28042009
29042009
30042009
01052009
02052009
03052009
04052009
05052009
06052009
07052009
08052009
09052009
10052009
11052009
12052009
13052009
14052009
15052009
16052009
17052009
18052009
19052009
20052009
21052009
22052009
23052009
24052009
25052009
26052009
27052009
28052009
29052009
30052009
01062009
02062009
03062009
04062009
05062009
06062009
07062009
08062009
09062009
10062009
11062009
12062009
13062009
14062009
15062009
16062009
17062009
18062009
19062009
20062009
21062009
22062009
23062009
24062009
25062009
26062009
27062009
28062009
29062009
30062009
01072009
02072009
03072009
04072009
05072009
06072009
07072009
08072009
09072009
10072009
11072009
12072009
13072009
14072009
15072009
16072009
17072009
18072009
19072009
20072009
21072009
22072009
23072009
24072009
25072009
26072009
27072009
28072009
29072009
30072009
01082009
02082009
03082009
04082009
05082009
06082009
07082009
08082009
09082009
10082009
11082009
12082009
13082009
14082009
15082009
16082009
17082009
18082009
19082009
20082009
21082009
22082009
23082009
24082009
25082009
26082009
27082009
28082009
29082009
30082009
01092009
02092009
03092009
04092009
05092009
06092009
07092009
08092009
09092009
10092009
11092009
12092009
13092009
14092009
15092009
16092009
17092009
18092009
19092009
20092009
21092009
22092009
23092009
24092009
25092009
26092009
27092009
28092009
29092009
30092009
01102009
02102009
03102009
04102009
05102009
06102009
07102009
08102009
09102009
10102009
11102009
12102009
13102009
14102009
15102009
16102009
17102009
18102009
19102009
20102009
21102009
22102009
23102009
24102009
25102009
26102009
27102009
28102009
29102009
30102009
01112009
02112009
03112009
04112009
05112009
06112009
07112009
08112009
09112009
10112009
11112009
12112009
13112009
14112009
15112009
16112009
17112009
18112009
19112009
20112009
21112009
22112009
23112009
24112009
25112009
26112009
27112009
28112009
29112009
30112009
